0 0
0 0
0 0
0 0
0 0
0 0
0 0
0 0
0 0
0 0
0 0
0 0
0 0
0 0
0 0
0 0
0 0
0 0
0 0
0 0
0 0
0 0
0 0
0 0
0 0
0 0
0 0
0 0
0 0
0 0
0 0
0 0
0 0
0 0
0 0
0 0
0 0
0 0
0 0
0 0
1 0
1 0
1 1
1 0
2 0
2 0
2 0
2 0
2 0
8 2
8 2
2 0
2 0
2 0
2 0
2 0
3 0
3 0
3 0
3 0
3 0
3 0
3 0
3 0
3 0
3 0
4 0
4 0
4 0
4 0
4 0
4 0
4 0
4 0
4 0
4 0
4 0
4 0
4 0
4 0
4 0
4 0
4 0
4 0
4 0
4 0
4 0
4 0
4 0
4 0
4 0
4 0
4 0
4 0
4 0
4 0
4 1
3 0
4 0
4 0
4 0
4 0
4 0
4 0
4 0
4 0
4 0
4 0
4 0
4 0
4 0
4 0
4 0
4 0
4 0
4 0
4 0
3 0
3 0
3 0
4 0
3 0
4 0
4 0
4 0
4 0
4 0
4 0
4 0
4 0
4 0
4 0
3 0
4 0
4 0
4 0
4 0
4 0
4 0
4 1
0 0
0 0
0 0
